6
3
8
4
8
-2
-6
-3
3
-8
3
6
-4
2
9
-9
6
-9
2
-3
-4
6
6
-3
6
0
2
-5
7
3
9
7
0
0
6
-4
-3
-5
-3
-2
-1
-4
1
0
0
0
9
7
7
3
4
-8
1
-2
-2
8
-8
-9
-7
-1
6
9
-2
8
5
-7
2
0
-8
-1
-8
-8
4
-8
9
2
4
-2
-2
8
5
9
2
-6
-5
5
0
-6
-2
0
-8
-7
-8
-3
6
-1
0
-3
-4
-2
0
-9
2
6
2
-9
-3
6
0
5
2
-1
-2
-4
6
0
-8
8
7
8
4
1
-5
-3
-7
-7
-9
4
8
0
0
-3
-2
-1
9
9
8
-4
1
-6
0
2
7
3
0
0
-5
-2
0
0
5
-6
-4
4
-4
-6
-7
-5
-7
9
-5
9
-8
-3
8
1
8
1
1
0
-7
-1
7
0
-9
4
2
0
9
2
8
-5
-4
1
-6
3
0
0
-7
6
-2
-6
-7
8
-1
6
5
9
2
-7
-7
3
0
-9
6
-7
7
-5
1
-3
-4
5
-5
3
-9
-7
4
-6
4
-4
2
1
-8
5
9
5
-3
-7
-7
0
4
-5
8
6
0
-7
-6
3
-6
-6
-1
-5
-4
7
6
-2
6
0
2
-2
2
-4
2
-5
-9
8
