-7
-1
5
3
-4
1
2
-9
6
6
6
-4
3
-2
-3
-7
0
6
-3
6
2
-7
-5
7
9
0
-9
-2
-5
3
-2
-3
-2
9
-4
-5
-5
-5
-4
7
1
-1
3
5
0
-2
4
-9
-7
1
-8
-2
2
-8
-3
-4
7
9
-1
2
-6
-7
-1
8
7
4
0
-3
-5
-3
2
7
-4
2
-2
-2
-2
-2
-8
9
1
7
-2
8
2
0
0
-6
-3
4
-5
7
0
5
-1
0
0
-6
-8
-1
7
9
0
3
7
-2
8
-4
2
1
-4
-8
-9
8
2
2
5
6
0
1
1
0
-7
1
5
5
5
-7
3
6
-9
-4
-1
9
-3
-8
-8
9
6
-8
6
5
2
9
0
0
-5
-5
8
-9
-9
2
-8
6
5
9
-2
6
7
0
5
-1
9
-9
-4
4
-8
5
0
4
2
0
-9
2
-4
9
-7
3
-1
9
3
3
-3
0
-3
-5
-1
3
4
-2
1
1
5
0
9
-4
6
8
-7
7
7
-1
-1
1
3
-6
6
-7
4
-1
8
-8
-7
-8
9
-9
0
4
-8
9
3
0
6
6
7
5
6
4
-4
0
9
-9
4
-5
-5
8
-5
-1
7
-3
-6
-2
-5
8
0
4
1
3
3
-2
-9
7
-2
7
-7
6
