4
-5
9
6
1
-1
9
2
-3
-5
8
-9
1
-1
-8
-1
-1
1
4
0
8
7
6
3
-9
3
-3
1
-2
-7
-6
-8
6
-1
6
-1
-4
6
9
6
-9
0
-6
0
8
2
5
3
-2
6
7
7
8
8
4
0
7
9
7
4
-6
2
1
-6
-3
-7
0
-6
-2
-7
-1
-2
3
-6
0
-9
0
-1
-9
0
0
-5
5
2
-8
4
-2
4
0
-9
-2
-1
-2
-8
-2
5
-7
7
-4
0
-6
-5
5
7
-1
1
-8
2
-9
5
-1
-8
-4
-5
0
-4
-4
6
3
0
-3
2
-6
4
7
-1
3
0
-7
8
4
-7
9
-2
0
1
-6
9
2
4
7
-9
-7
0
8
-6
8
2
-1
3
1
1
-3
4
7
-7
-4
9
0
0
-2
-2
3
-9
3
-2
0
4
-7
-2
9
-3
0
-9
3
-1
7
6
-2
-9
1
2
-6
8
-7
0
2
-2
-9
-2
1
0
1
4
7
-9
-9
3
0
1
3
4
-8
9
0
-1
-9
-5
3
-4
4
0
7
-1
-6
7
7
9
-2
-6
2
-6
1
-4
0
6
-6
2
3
5
1
-3
-8
-7
2
3
3
-9
3
3
6
-2
0
9
4
-7
-2
-6
-6
-3
-1
-5
-9
-3
-4
-8
